movie_lat_min=32.0
movie_lat_max=39.5
movie_lon_min=-106.7
movie_lon_max=-91.5
movie_filter_tlo=500.0
movie_filter_thi=100.0
sta_lat=32.6213
sta_lon=-102.485001
sta_dist_deg=121.50646344399182
sta_dist_km=13510.902289494428
sta_azim=45.11210704197221
sta_name=TA.128A
movie_date=2025-11-03 22:19:13 UTC
movie_start=2010-07-23T22:50:51
movie_end=2010-07-23T23:30:51.000000Z
movie_channel=HHZ,BHZ,SHZ
movie_label=20100723_Magnitude7_6_2010_07_23T225051