movie_lat_min=32.0
movie_lat_max=39.5
movie_lon_min=-106.7
movie_lon_max=-91.5
movie_filter_tlo=500.0
movie_filter_thi=100.0
sta_lat=32.6213
sta_lon=-102.485001
sta_dist_deg=144.08602425458938
sta_dist_km=16021.634897495176
sta_azim=33.16832712723211
sta_name=TA.128A
movie_date=2025-11-03 22:34:08 UTC
movie_start=2010-10-25T14:42:02
movie_end=2010-10-25T15:22:02.000000Z
movie_channel=HHZ,BHZ,SHZ
movie_label=20101025_Magnitude7_8_2010_10_25T144202