movie_lat_min=32.0
movie_lat_max=39.5
movie_lon_min=-106.7
movie_lon_max=-91.5
movie_filter_tlo=500.0
movie_filter_thi=100.0
sta_lat=34.150002
sta_lon=-106.627831
sta_dist_deg=85.62690005724303
sta_dist_km=9521.2768706661
sta_azim=50.16669228925381
sta_name=SC.BAR
movie_date=2025-11-04 14:07:08 UTC
movie_start=2011-03-11T06:15:20
movie_end=2011-03-11T06:55:20.000000Z
movie_channel=LHZ,BHZ,HHZ,EHZ,SHZ
movie_label=20110311_M7_9_Japan_2011_03_11T061520