movie_lat_min=32.0
movie_lat_max=39.5
movie_lon_min=-106.7
movie_lon_max=-91.5
movie_filter_tlo=500.0
movie_filter_thi=100.0
sta_lat=36.8515
sta_lon=-97.85959
sta_dist_deg=72.4018245850692
sta_dist_km=8050.715573668979
sta_azim=338.18411487927
sta_name=OK.GC02
movie_date=2025-11-04 20:05:15 UTC
movie_start=2015-09-16T22:54:12
movie_end=2015-09-16T23:34:12.000000Z
movie_channel=LHZ,BHZ,HHZ,EHZ,SHZ
movie_label=20150916_M8_3_Chile_2015_09_16T225412