movie_lat_min=33.6
movie_lat_max=37.0
movie_lon_min=-103.0
movie_lon_max=-94.4
movie_filter_tlo=2.0
movie_filter_thi=0.05
sta_lat=36.8515
sta_lon=-97.85959
sta_dist_deg=1.2099961643837631
sta_dist_km=134.54543473884996
sta_azim=315.54241809462906
sta_name=OK.GC02
movie_date=2025-11-04 16:54:09 UTC
movie_start=2016-11-07T01:44:14
movie_end=2016-11-07T01:54:14.000000Z
movie_channel=LHZ,BHZ,HHZ,EHZ,SHZ
movie_label=20161107_OKlocal_Magnitude5_0_2016_11_07T014414