movie_lat_min=33.6
movie_lat_max=37.0
movie_lon_min=-103.0
movie_lon_max=-94.4
movie_filter_tlo=2.0
movie_filter_thi=0.05
sta_lat=36.8515
sta_lon=-97.85959
sta_dist_deg=0.8608913049343052
sta_dist_km=95.72674550110851
sta_azim=299.9005761617186
sta_name=OK.GC02
movie_date=2025-11-04 16:53:27 UTC
movie_start=2016-09-03T12:02:34
movie_end=2016-09-03T12:12:34.000000Z
movie_channel=LHZ,BHZ,HHZ,EHZ,SHZ
movie_label=20160903_OKlocal_Magnitude5_8_2016_09_03T120234