movie_lat_min=32.0
movie_lat_max=39.5
movie_lon_min=-106.7
movie_lon_max=-91.5
movie_filter_tlo=500.0
movie_filter_thi=100.0
sta_lat=35.5811
sta_lon=-97.337898
sta_dist_deg=112.87097540752592
sta_dist_km=12550.679830739637
sta_azim=62.24529598803908
sta_name=GS.OK025
movie_date=2025-11-04 20:32:33 UTC
movie_start=2016-11-13T11:02:36
movie_end=2016-11-13T11:42:36.000000Z
movie_channel=LHZ,BHZ,HHZ,EHZ,SHZ
movie_label=20161113_M7_8_NewZealand_2016_11_13T110236