movie_lat_min=32.0
movie_lat_max=39.5
movie_lon_min=-106.7
movie_lon_max=-91.5
movie_filter_tlo=500.0
movie_filter_thi=100.0
sta_lat=36.8515
sta_lon=-97.85959
sta_dist_deg=39.93625067448557
sta_dist_km=4440.708464208133
sta_azim=337.3645392535431
sta_name=OK.GC02
movie_date=2025-11-04 20:24:06 UTC
movie_start=2016-04-16T23:58:16
movie_end=2016-04-17T00:38:16.000000Z
movie_channel=LHZ,BHZ,HHZ,EHZ,SHZ
movie_label=20160416_M7_8_Ecuador_2016_04_16T235816