movie_lat_min=32.0
movie_lat_max=39.5
movie_lon_min=-106.7
movie_lon_max=-91.5
movie_filter_tlo=500.0
movie_filter_thi=100.0
sta_lat=35.5811
sta_lon=-97.337898
sta_dist_deg=105.3855743747341
sta_dist_km=11718.341211993247
sta_azim=55.88514159971373
sta_name=GS.OK025
movie_date=2025-11-04 20:38:07 UTC
movie_start=2016-12-08T17:38:26
movie_end=2016-12-08T18:18:26.000000Z
movie_channel=LHZ,BHZ,HHZ,EHZ,SHZ
movie_label=20161208_M7_8_SolomonIslands_2016_12_08T173826