movie_lat_min=32.0
movie_lat_max=39.5
movie_lon_min=-106.7
movie_lon_max=-91.5
movie_filter_tlo=500.0
movie_filter_thi=100.0
sta_lat=33.917
sta_lon=-91.772
sta_dist_deg=18.92107416703068
sta_dist_km=2103.927454039232
sta_azim=5.463115263632112
sta_name=AG.CCAR
movie_date=2025-11-04 21:05:42 UTC
movie_start=2017-09-08T04:48:59
movie_end=2017-09-08T05:28:59.000000Z
movie_channel=LHZ,BHZ,HHZ,EHZ,SHZ
movie_label=20170908_M8_2_MexicoEarthquake_2017_09_08T044859