movie_lat_min=32.0
movie_lat_max=39.5
movie_lon_min=-106.7
movie_lon_max=-91.5
movie_filter_tlo=500.0
movie_filter_thi=100.0
sta_lat=33.917
sta_lon=-91.772
sta_dist_deg=97.06750395701037
sta_dist_km=10793.413982070184
sta_azim=56.71748129969116
sta_name=AG.CCAR
movie_date=2025-11-04 21:33:06 UTC
movie_start=2018-08-19T00:19:20
movie_end=2018-08-19T00:59:20.000000Z
movie_channel=LHZ,BHZ,HHZ,EHZ,SHZ
movie_label=20180819_M8_2_Fiji_2018_08_19T001920