movie_lat_min=33.6
movie_lat_max=37.0
movie_lon_min=-103.0
movie_lon_max=-94.4
movie_filter_tlo=2.0
movie_filter_thi=0.05
sta_lat=36.8515
sta_lon=-97.85959
sta_dist_deg=0.6724179191895192
sta_dist_km=74.76946119876541
sta_azim=340.0467986712328
sta_name=OK.GC02
movie_date=2025-11-04 16:56:05 UTC
movie_start=2018-04-09T10:22:10
movie_end=2018-04-09T10:32:10.000000Z
movie_channel=LHZ,BHZ,HHZ,EHZ,SHZ
movie_label=20180409_OKlocal_Magnitude4_6_2018_04_09T102210