movie_lat_min=32.0
movie_lat_max=39.5
movie_lon_min=-106.7
movie_lon_max=-91.5
movie_filter_tlo=500.0
movie_filter_thi=100.0
sta_lat=33.917
sta_lon=-91.772
sta_dist_deg=17.970508767783116
sta_dist_km=1998.229404199043
sta_azim=337.23902876923364
sta_name=AG.CCAR
movie_date=2025-11-04 21:12:42 UTC
movie_start=2018-01-10T02:51:13
movie_end=2018-01-10T03:31:13.000000Z
movie_channel=LHZ,BHZ,HHZ,EHZ,SHZ
movie_label=20180110_M7_5_Honduras_2018_01_10T025113