movie_lat_min=32.0
movie_lat_max=39.5
movie_lon_min=-106.7
movie_lon_max=-91.5
movie_filter_tlo=500.0
movie_filter_thi=100.0
sta_lat=33.917
sta_lon=-91.772
sta_dist_deg=122.62195476982689
sta_dist_km=13634.9392656433
sta_azim=53.289362688566925
sta_name=AG.CCAR
movie_date=2025-11-04 21:26:11 UTC
movie_start=2018-02-25T17:44:24
movie_end=2018-02-25T18:24:24.000000Z
movie_channel=LHZ,BHZ,HHZ,EHZ,SHZ
movie_label=20180225_M7_5_PapuaNewGuinea_2018_02_25T174424