movie_lat_min=32.0
movie_lat_max=39.5
movie_lon_min=-106.7
movie_lon_max=-91.5
movie_filter_tlo=500.0
movie_filter_thi=100.0
sta_lat=33.917
sta_lon=-91.772
sta_dist_deg=123.75793071213837
sta_dist_km=13761.254027218609
sta_azim=7.650385710914228
sta_name=AG.CCAR
movie_date=2025-11-05 03:38:04 UTC
movie_start=2025-03-28T06:20:32
movie_end=2025-03-28T07:00:32.000000Z
movie_channel=LHZ,BHZ,HHZ,EHZ,SHZ
movie_label=20250328_M7_7_Burma(Myanmar)Earthquake_2025_03_28T062032